# transform file /autofs/vast/freesurfer/test/recons/bert/dev/running/bert/mri/orig/002.lta
# created by ah221 on Mon Jul 19 06:02:14 2021

type      = 1 # LINEAR_RAS_TO_RAS
nxforms   = 1
mean      = 127.0000 147.0000 109.0000
sigma     = 10000.0000
1 4 4
9.999992847442627e-01 -1.561229728395119e-04 -1.166491652838886e-03 9.829711914062500e-02 
1.570311724208295e-04 9.999997019767761e-01 7.785210618749261e-04 -1.487731933593750e-02 
1.166369765996933e-03 -7.787037175148726e-04 9.999990463256836e-01 1.676254272460938e-01 
0.000000000000000e+00 0.000000000000000e+00 0.000000000000000e+00 1.000000000000000e+00 
src volume info
valid = 1  # volume info valid
filename = /autofs/vast/freesurfer/test/recons/bert/dev/running/bert/mri/orig/002.mgz
volume = 256 256 256
voxelsize = 1.000000000000000e+00 1.000000000000000e+00 1.000000000000000e+00
xras   = -1.000000000000000e+00 0.000000000000000e+00 0.000000000000000e+00
yras   = 0.000000000000000e+00 0.000000000000000e+00 -1.000000000000000e+00
zras   = 0.000000000000000e+00 1.000000000000000e+00 0.000000000000000e+00
cras   = 5.399719238281250e+00 1.800000000000000e+01 0.000000000000000e+00
dst volume info
valid = 1  # volume info valid
filename = /autofs/vast/freesurfer/test/recons/bert/dev/running/bert/mri/rawavg.mgz
volume = 256 256 256
voxelsize = 1.000000000000000e+00 1.000000000000000e+00 1.000000000000000e+00
xras   = -1.000000000000000e+00 0.000000000000000e+00 0.000000000000000e+00
yras   = 0.000000000000000e+00 0.000000000000000e+00 -1.000000000000000e+00
zras   = 0.000000000000000e+00 1.000000000000000e+00 0.000000000000000e+00
cras   = 5.399719238281250e+00 1.800000000000000e+01 0.000000000000000e+00
