# transform file /autofs/vast/freesurfer/test/recons/bert/dev/running/bert/mri/orig/003.lta
# created by ah221 on Mon Jul 19 06:02:14 2021

type      = 1 # LINEAR_RAS_TO_RAS
nxforms   = 1
mean      = 127.0000 147.0000 109.0000
sigma     = 10000.0000
1 4 4
9.999993443489075e-01 -9.661734802648425e-04 -5.669405800290406e-04 2.481079101562500e-02 
9.654330206103623e-04 9.999986886978149e-01 -1.304836827330291e-03 -3.406524658203125e-02 
5.682005430571735e-04 1.304288743995130e-03 9.999989867210388e-01 3.305740356445312e-01 
0.000000000000000e+00 0.000000000000000e+00 0.000000000000000e+00 1.000000000000000e+00 
src volume info
valid = 1  # volume info valid
filename = /autofs/vast/freesurfer/test/recons/bert/dev/running/bert/mri/orig/003.mgz
volume = 256 256 256
voxelsize = 1.000000000000000e+00 1.000000000000000e+00 1.000000000000000e+00
xras   = -1.000000000000000e+00 0.000000000000000e+00 0.000000000000000e+00
yras   = 0.000000000000000e+00 0.000000000000000e+00 -1.000000000000000e+00
zras   = 0.000000000000000e+00 1.000000000000000e+00 0.000000000000000e+00
cras   = 5.399719238281250e+00 1.800000000000000e+01 0.000000000000000e+00
dst volume info
valid = 1  # volume info valid
filename = /autofs/vast/freesurfer/test/recons/bert/dev/running/bert/mri/rawavg.mgz
volume = 256 256 256
voxelsize = 1.000000000000000e+00 1.000000000000000e+00 1.000000000000000e+00
xras   = -1.000000000000000e+00 0.000000000000000e+00 0.000000000000000e+00
yras   = 0.000000000000000e+00 0.000000000000000e+00 -1.000000000000000e+00
zras   = 0.000000000000000e+00 1.000000000000000e+00 0.000000000000000e+00
cras   = 5.399719238281250e+00 1.800000000000000e+01 0.000000000000000e+00
