# transform file /autofs/vast/freesurfer/test/recons/bert/dev/running/bert/mri/transforms/cc_up.lta
# created by ah221 on Mon Jul 19 08:59:05 2021

type      = 0 # LINEAR_VOX_TO_VOX
nxforms   = 1
mean      = 128.0000 128.0000 116.0000
sigma     = 10000.0000
1 4 4
9.984777569770813e-01 5.447353422641754e-02 8.648047223687172e-03 -6.654473781585693e+00 
-5.447148904204369e-02 9.985152482986450e-01 -4.717901756521314e-04 3.619880294799805e+01 
-8.660905994474888e-03 0.000000000000000e+00 9.999624490737915e-01 1.711703109741211e+01 
0.000000000000000e+00 0.000000000000000e+00 0.000000000000000e+00 1.000000000000000e+00 
src volume info
valid = 1  # volume info valid
filename = /autofs/vast/freesurfer/test/recons/bert/dev/running/bert/mri/norm.mgz
volume = 256 256 256
voxelsize = 1.000000000000000e+00 1.000000000000000e+00 1.000000000000000e+00
xras   = -1.000000000000000e+00 0.000000000000000e+00 0.000000000000000e+00
yras   = 0.000000000000000e+00 0.000000000000000e+00 -1.000000000000000e+00
zras   = 0.000000000000000e+00 1.000000000000000e+00 0.000000000000000e+00
cras   = 5.399719238281250e+00 1.800000000000000e+01 0.000000000000000e+00
dst volume info
valid = 1  # volume info valid
filename = /autofs/vast/freesurfer/test/recons/bert/dev/running/bert/mri/norm.mgz
volume = 256 256 256
voxelsize = 1.000000000000000e+00 1.000000000000000e+00 1.000000000000000e+00
xras   = -1.000000000000000e+00 0.000000000000000e+00 0.000000000000000e+00
yras   = 0.000000000000000e+00 0.000000000000000e+00 -1.000000000000000e+00
zras   = 0.000000000000000e+00 1.000000000000000e+00 0.000000000000000e+00
cras   = 5.399719238281250e+00 1.800000000000000e+01 0.000000000000000e+00
