# transform file transforms/talairach_with_skull.lta
# created by ah221 on Mon Jul 19 06:21:05 2021

type      = 0 # LINEAR_VOX_TO_VOX
nxforms   = 1
mean      = 128.0000 147.0000 110.0000
sigma     = 10000.0000
1 4 4
1.085653543472290e+00 3.678588941693306e-02 4.431569483131170e-03 -1.879867362976074e+01 
-3.415233269333839e-02 1.079799056053162e+00 1.300826221704483e-01 -1.977375793457031e+01 
0.000000000000000e+00 -7.221487164497375e-02 9.640080332756042e-01 1.251648616790771e+01 
0.000000000000000e+00 0.000000000000000e+00 0.000000000000000e+00 1.000000000000000e+00 
src volume info
valid = 1  # volume info valid
filename = nu.mgz
volume = 256 256 256
voxelsize = 1.000000000000000e+00 1.000000000000000e+00 1.000000000000000e+00
xras   = -1.000000000000000e+00 0.000000000000000e+00 0.000000000000000e+00
yras   = 0.000000000000000e+00 0.000000000000000e+00 -1.000000000000000e+00
zras   = 0.000000000000000e+00 1.000000000000000e+00 0.000000000000000e+00
cras   = 5.399719238281250e+00 1.800000000000000e+01 0.000000000000000e+00
dst volume info
valid = 1  # volume info valid
filename = /usr/local/freesurfer/dev/average/RB_all_withskull_2020_01_02.gca
volume = 256 256 256
voxelsize = 1.000000000000000e+00 1.000000000000000e+00 1.000000000000000e+00
xras   = -1.000000000000000e+00 0.000000000000000e+00 0.000000000000000e+00
yras   = 0.000000000000000e+00 0.000000000000000e+00 -1.000000000000000e+00
zras   = 0.000000000000000e+00 1.000000000000000e+00 0.000000000000000e+00
cras   = 0.000000000000000e+00 0.000000000000000e+00 0.000000000000000e+00
